scene,sisdr_enhance,sisdr_mixture,pesq_enhance,pesq_mixture,stoi_enhance,stoi_mixture,haspi_enhance,haspi_mixture,hasqi_enhance,hasqi_mixture
S02455,4.153144955635071,0.5804283916950226,0,0,0.5860433884666625,0.6736845737471152,0.0065845065,0.0047044214,0.0071858326,0.023979438
S05981,-8.122660517692566,-10.233198404312134,0,0,0.5145236904373777,0.49680563267082295,0.006992522,0.018993609,0.0038110223,0.008053553
S01033,2.2834810614585876,-0.45664552599191666,0,0,0.6084942411455112,0.7997455637314361,0.0069718966,0.008718681,0.010644828,0.029105248
S05962,2.6068073511123657,2.2176268696784973,0,0,0.6347397754154288,0.7411870620906167,0.004874247,0.006541966,0.0024429306,0.017072093
S04492,-2.930641770362854,-12.077028751373291,0,0,0.6050803876159236,0.5429213399955577,0.012867655,0.026805704,0.000783126,0.003934723
S04110,-4.81075793504715,-13.323779106140137,0,0,0.4900195167153485,0.6245730240905,0.010220867,0.014773013,0.009235494,0.018737305
S05192,1.2976475059986115,0.7117529958486557,0,0,0.6408317588819472,0.7739240298800132,0.01435078,0.008865052,0.009099506,0.011380992
S00094,-0.9053412079811096,-8.597301840782166,0,0,0.5262642438016615,0.49861057129384717,0.01104433,0.005180417,0.0045959977,0.014337274
S05337,0.4887961968779564,-6.128442287445068,0,0,0.6935725381387134,0.6417795451004502,0.008566839,0.006162981,0.015192333,0.015187445
S03603,7.2813814878463745,2.422693967819214,0,0,0.6292976747950054,0.7585477257914445,0.008168101,0.023868125,0.0040497915,0.014377343
S01829,-1.9231939315795898,-9.909773468971252,0,0,0.5778977000879484,0.502595357784273,0.017987425,0.018424952,0.008057586,0.0036622263
S00797,-0.21767344325780869,-9.06509518623352,0,0,0.5105758427881788,0.4200731055983531,0.011561133,0.010425018,0.0040278565,0.01405544
S00654,4.552849531173706,2.739090919494629,0,0,0.7302962013847063,0.8347446813011825,0.006813392,0.007365087,0.0057476233,0.004639646
S04137,-4.136279821395874,-9.669926166534424,0,0,0.5605388181133877,0.5586242725977246,0.0057825833,0.0155673595,0.0063876305,0.01363175
S03442,0.3723286837339401,-12.517383098602295,0,0,0.5211000583442924,0.5253553784872137,0.006439583,0.030567354,0.005195987,0.00905624
S02701,2.426617294549942,-5.853211879730225,0,0,0.5912162562899429,0.6255701077817393,0.007695743,0.004125336,0.0060869968,0.0027254035
S00975,-8.162443041801453,-10.107204914093018,0,0,0.5300620199673383,0.5375637289779528,0.0052434225,0.0042544273,0.0077713868,0.009079471
S03933,-3.725039064884186,-13.947376012802124,0,0,0.2799944082159687,0.31394818705671934,0.0063555357,0.007390895,0.0030563024,0.0069545642
S01181,2.314464747905731,-3.1442031264305115,0,0,0.4990162705663094,0.5575052611959536,0.005031805,0.0048276004,0.0018554761,0.006202378
S03436,-6.553893089294434,-11.585593223571777,0,0,0.5691408244209892,0.41092258658365954,0.004250364,0.0057729282,0.0076399604,0.0031197842
S00045,2.4883493781089783,-4.609726667404175,0,0,0.5793742584373385,0.6768756891951984,0.0047055166,0.02764077,0.013264747,0.025802162
S05589,-1.4571812748908997,-8.485952615737915,0,0,0.6064177694869239,0.5654910226547676,0.005227013,0.010347013,0.0064197686,0.0042281384
S00090,-2.647385895252228,-13.837509155273438,0,0,0.5063608151547365,0.41054040919681434,0.010834615,0.033064492,0.009303444,0.00914563
S05789,0.5567994341254234,-7.878679037094116,0,0,0.5057995479029718,0.41190852534615807,0.009776515,0.0070170416,0.019272637,0.018045811
S02551,1.9063617289066315,-5.010111331939697,0,0,0.6073314275990271,0.6669039936327694,0.00699201,0.017064925,0.0043337746,0.013735933
S05649,4.028662443161011,-2.0387043058872223,0,0,0.6383811474360567,0.733137868367481,0.006869423,0.0048678163,0.004277623,0.022648415
S00240,-7.909184098243713,-13.325825929641724,0,0,0.45525323711943455,0.40926942337788996,0.00423469,0.005834658,0.0019448267,0.005334806
S04830,0.17014455050230026,-4.467536807060242,0,0,0.6073174826749717,0.5854686692442608,0.013222194,0.012274227,0.014493181,0.020886503
S02043,1.4510062336921692,-6.077011227607727,0,0,0.7287970241274833,0.720153628265455,0.004760785,0.007983211,0.009868263,0.0061841314
S02010,-2.917509377002716,-5.641834735870361,0,0,0.47415880887206524,0.510108622977989,0.0050101355,0.011267897,0.012953005,0.010625838
S01950,-6.597573757171631,-12.997634410858154,0,0,0.20802223419588367,0.39313316144855126,0.0060602194,0.0063623814,0.013148342,0.0043344474
S03871,1.687857061624527,-0.00778622692450881,0,0,0.6436707889079272,0.7235966285894868,0.006398819,0.019398194,0.005251107,0.0133210225
S01367,-0.5779652670025826,-4.993078112602234,0,0,0.6511261773540892,0.6528191168701748,0.0052466453,0.005669992,0.003771876,0.0043620146
S01345,-8.1922447681427,-8.842202425003052,0,0,0.4019697613405938,0.6396197427204882,0.0051658815,0.006425902,0.008268878,0.006660215
S00631,-17.917670011520386,-17.079145908355713,0,0,0.300133359837798,0.24265417901451308,0.00668998,0.014186387,0.021113627,0.035023782
S02103,-4.423990547657013,-11.32217288017273,0,0,0.49627242451860254,0.5517577786078673,0.009811464,0.005335041,0.0050880234,0.013111469
S01682,-3.8436609506607056,-13.335908651351929,0,0,0.42114657213157514,0.29582814202885743,0.00814144,0.032230273,0.01399293,0.01632555
S05321,2.4634765088558197,-0.9502478688955307,0,0,0.6402227320431366,0.7257945666314112,0.006566254,0.006218205,0.0054260986,0.025345221
S03537,0.9582331031560898,0.648433268070221,0,0,0.6147663432761232,0.8026099823244517,0.01490087,0.032048002,0.0049027638,0.012129984
S05516,2.0234911143779755,-6.676878333091736,0,0,0.6371717645681177,0.4512195647154074,0.005624704,0.008126893,0.00909951,0.0054286807
S02809,4.456080794334412,-1.692390888929367,0,0,0.7337835324423756,0.7581969963622586,0.006929109,0.027211795,0.011206042,0.0232419
S01160,5.71169376373291,-0.46617768704891205,0,0,0.7597666822199591,0.7873359862774394,0.008818392,0.006430054,0.0057700314,0.012221608
S03417,-4.787348508834839,-12.54910945892334,0,0,0.3468599369294596,0.41374420848197563,0.0068252105,0.006548634,0.0029745074,0.004874155
S05974,6.292294263839722,0.017505522118881345,0,0,0.681451013235693,0.7051645409448462,0.02079647,0.0064869495,0.00829808,0.003916193
S02811,3.174840807914734,-2.5595659017562866,0,0,0.6800549358651001,0.8051173387295093,0.026153008,0.022899194,0.02164664,0.011990652
S02655,4.430862665176392,-1.958702802658081,0,0,0.6434900434636186,0.6618942853657277,0.06684295,0.018723601,0.014037651,0.01952286
S04453,-3.7873443961143494,-11.169191598892212,0,0,0.5306220236152628,0.6116483202114094,0.005136653,0.034352243,0.010957301,0.024082249
S01407,-10.392605066299438,-15.685700178146362,0,0,0.27778720877203955,0.2076802743016698,0.03866925,0.005696822,0.018316837,0.008149082
S04174,0.5653075128793716,-4.76933091878891,0,0,0.5283082789460565,0.6612153256390763,0.0037528626,0.011200682,0.010761481,0.010375022
S01455,0.30011286959052086,-4.556347131729126,0,0,0.6826687960762206,0.7737373982157014,0.005030165,0.008463486,0.002114865,0.0060523427
S05810,5.7206034660339355,-1.529923528432846,0,0,0.8344399525716764,0.9166366685404961,0.007653209,0.060883515,0.01819752,0.0105562955
S03127,6.050971746444702,-0.0515328673645854,0,0,0.8045118937587188,0.7972822425479089,0.008612188,0.04569324,0.013026787,0.029399658
S00410,-2.8808030486106873,-10.410481691360474,0,0,0.37265079959740677,0.5724155692403818,0.022905942,0.0045523094,0.021560347,0.006187942
S00284,-3.669426441192627,-13.584399223327637,0,0,0.5040843506841987,0.5192835763423236,0.021275895,0.01871719,0.015877856,0.002980368
S01098,-2.717565596103668,-7.044732570648193,0,0,0.5530627532730545,0.4915922790981407,0.008355504,0.031973884,0.0025805968,0.009935171
S00575,-8.564718961715698,-11.235190629959106,0,0,0.5191567687744856,0.48973320946759263,0.007858872,0.010024175,0.012193854,0.012897516
S01521,-5.1700228452682495,-7.705206274986267,0,0,0.41105684108719215,0.5370324019480108,0.0072251754,0.094862714,0.0045756507,0.015591169
S02444,3.490702211856842,1.706910878419876,0,0,0.7223708642362943,0.7423838433745878,0.0042665266,0.0041243886,0.0023274403,0.008612553
S04624,-0.4469667002558708,-8.211165070533752,0,0,0.3396307941990133,0.5267158848038982,0.012991144,0.0055076284,0.010152629,0.011846796
S01290,-16.34054183959961,-16.496295928955078,0,0,0.2062066084890231,0.23897413707203294,0.008636256,0.040641684,0.004699981,0.0127088595
